123,45.67,-89,abc123,-45.8xyz,0,999.999,--12,3.1416,hola
-0.001,2500,78abc90,-300,100.0,xyz,-9999.99,42,7.7777,-15
600,1.0.0,-2.5,500abc,-123456,89.01,test,-0,3000,-450.75
12a34b56,-888,75,-6.66,100000,-1,abc,3.0,-999,450.450
abc
--300,20,-700.07,texto123,5,-0.5,800,-42,9000.001,-100.100
123abc456,-250,60,-33.3,777,-8,100,-555.55,1,2
3,4,5,6,-7,8.8,nueve,10,-11,12.12
-13,14.14,quince,16,-17.17,18,19.19,-20,veinte
21,22.22,-23,texto,24,-25.25,26,27,-28.28,29

30,-31.31,32,33.33,-34,hola35,36,-37.37,38,39